9
27
96
110
562
625
679
707
750
766
940
958
988
1020
1123
1199
1277
1669
1988
2023
2281
2407
2496
2581
2586
2776
2871
2952
3391
3395
3433
3449
3502
3543
3622
3658
3988
4076
4101
4276
4305
4503
4787
4842
4856
4923
4943
4951
4958
5066
5219
5281
5435
5589
5592
5662
5696
5806
5872
5947
5949
6145
6429
6443
6503
6643
6711
6727
6754
6833
6996
7000
7065
7307
7323
7385
7585
7972
8006
8291
8383
8469
8586
8691
8786
8880
9078
9154
9279
9343
9436
9597
9719
10069
10101
10143
10176
10192
10335
10447
10672
10722
10723
10744
10938
11069
11210
11241
11304
11309
11429
11439
11490
11527
11690
11880
11885
11983
12004
12044
12278
12410
12481
12636
12651
12680
12711
12718
12728
12816
12957
12958
13327
13456
13644
13652
14291
14484
14505
14666
14707
14710
14739
14820
14861
14889
14915
15023
15653
15680
15711
15788
15830
15860
15935
16264
16384
16807
16855
17137
17184
17237
17250
17270
17381
17423
17633
17829
17916
18027
18190
18383
18550
18628
18756
18834
18871
18886
18960
19051
19161
19190
19290
19369
19397
19401
19784
19906
20129
20147
20163
20242
20390
20505
20763
20785
20789
20926
20935
20985
21014
21142
21174
21196
21206
21224
21234
21272
21298
21307
21494
21550
21890
21991
22311
22504
22560
22574
22717
22742
22749
22896
22937
23083
23114
23298
23645
23668
23853
23892
23954
24019
24039
24134
24152
24308
24362
24460
24558
24632
24710
24781
24871
24875
24889
24970
25007
25033
25319
25343
25350
25357
25384
25501
25508
25685
25738
25757
25766
25820
25893
26037
26150
26261
26384
26392
26478
26730
26939
26954
27081
27082
27183
27195
27282
27313
27347
27391
27442
27544
27615
27666
27737
27758
27811
27947
27951
27992
28000
28060
28144
28334
28629
28635
28678
29030
29072
29090
29489
29549
29607
29706
29813
29878
29885
30007
30105
30136
30193
30545
30655
30840
30853
31081
31105
31364
31504
31534
31625
31752
31894
31923
32091
32148
32581
32752
32812
32850
32851
33036
33198
33231
33373
33710
33715
33763
33875
34324
34337
34382
34561
34714
34748
34794
34828
34888
35001
35434
35530
35565
35690
35703
35723
35740
35766
35788
35798
35848
36043
36162
36493
36504
36704
36767
36890
37089
37107
37133
37271
37293
37402
37902
37927
37928
38011
38011
38023
38046
38218
38337
38550
38775
39054
39334
39934
40006
40242
40413
40514
40537
40760
40768
40775
40916
40932
41080
41342
41505
41515
41793
41806
41818
42009
42187
42216
42251
42311
42342
42521
42871
42990
43282
43455
43566
43611
43644
43710
43751
43754
43788
43820
43870
44063
44081
44145
44156
44300
44557
44630
44669
44936
44999
45118
45160
45322
45336
45406
45552
45584
45657
45813
45934
45960
46042
46323
46524
46605
46736
46756
46938
46958
46973
47112
47134
47137
47257
47513
47696
47859
48000
48048
48208
48264
48270
48424
48424
48523
48536
48550
48585
48632
48636
48650
48762
48939
49090
49183
49183
49184
49218
49302
49328
49440
49510
49538
49635
49654
49681
49805
49870
49935
50005
50055
50296
50379
50380
50696
50696
50749
50957
51372
51546
51557
51586
51703
51760
51970
52023
52200
52264
52271
52494
52705
52708
52772
52950
52994
53126
53144
53221
53336
53400
53511
53523
53526
53587
53657
53723
53738
53744
53964
54040
54053
54095
54119
54172
54190
54310
54426
54629
54653
54849
54873
54874
54999
55079
55133
55348
55428
55544
55562
55567
55602
56040
56163
56198
56202
56447
56598
56805
56933
57121
57129
57443
57582
58138
58299
58380
59064
59153
59336
59359
59414
59498
59511
59744
59761
60378
60423
60446
60510
60620
60642
60776
60903
60957
61056
61158
61303
61353
61390
61446
61495
61505
61536
61696
61863
61956
62010
62120
62228
62485
62554
62557
62753
62765
62767
62967
63067
63116
63199
63223
63279
63368
63770
63805
63837
63870
63894
63936
64103
64215
64351
64420
64561
64647
64760
64808
64818
65072
65174
65199
65393
65714
65775
65887
65970
66345
66360
66472
66583
66681
66899
67059
67179
67270
67312
67432
67539
67649
67779
67834
68412
68430
68677
68725
68785
68960
68980
69156
69165
69622
69684
69801
69827
69983
70125
70245
70333
70343
70434
70530
70545
70558
70579
70589
70628
70913
71032
71104
71152
71435
71654
71867
71910
71992
72038
72189
72198
72512
72623
72698
72701
72968
73014
73069
73140
73147
73356
73650
73861
73864
73869
74037
74106
74120
74169
74234
74252
74329
74414
74469
74489
74575
74689
74707
74764
74768
74861
74898
74920
74998
74999
75116
75156
75162
75280
75385
75558
75574
75629
75639
75771
75858
75876
75963
76012
76022
76054
76322
76325
76370
76687
76737
76958
76975
77006
77045
77197
77381
77412
77449
77560
77579
77610
77695
77986
78034
78039
78264
78494
78686
78698
78708
78710
78741
78834
78859
79040
79048
79392
79474
79514
79561
79573
79595
79660
79741
79807
79897
80040
80078
80390
80655
80836
81325
81365
81550
81665
81777
81784
81938
82085
82151
82212
82247
82285
82429
82437
82514
82529
82574
82606
82723
82747
82887
82955
83069
83114
83139
83231
83346
83383
83407
83612
83638
83890
83903
83931
83954
84083
84087
84186
84363
84417
84679
84747
84754
84844
84856
85181
85273
85354
85692
85698
86240
86275
86332
86383
86703
86889
86895
86947
87011
87222
87474
87619
87651
87662
87670
87692
87798
87828
87894
88460
88519
88654
88908
89056
89220
89308
89394
89436
89493
89555
89657
89810
90107
90264
90412
90504
90639
90675
90693
90935
90963
91137
91193
91218
91330
91392
91470
91517
91565
91719
91745
91749
91859
91907
92014
92302
92423
92639
92896
93128
93165
93232
93320
93335
93391
93434
93443
93550
93557
93686
93948
93973
94024
94045
94154
94234
94274
94285
94320
94442
94595
94610
94687
94722
94734
94833
94973
95063
95227
95295
95363
95461
95777
95977
96182
96280
96294
96420
96469
96596
96624
96833
96946
97038
97157
97228
97332
97403
97561
97709
97773
97956
98007
98019
98034
98142
98343
98413
98457
98808
98844
98853
98857
98867
98870
98940
99201
99256
99272
99287
99359
99568
99904
99945
99948
100014
100059
100121
100457
100569
100752
100753
100848
101085
101121
101128
101166
101462
101606
101917
101923
101980
101988
102169
102180
102245
102325
102389
102504
102646
102655
102819
102918
103082
103131
103155
103169
103203
103421
103500
103652
103820
103844
103931
103998
104009
104156
104162
104213
104248
104537
104624
104676
104823
104908
105467
105601
105611
105911
106053
106102
106204
106500
106531
106635
106796
106799
106836
106872
106910
107113
107177
107270
107448
107552
107601
107623
107670
107799
108241
108282
108368
108621
108729
108734
108930
109000
109352
109362
109439
109524
109557
109567
109705
110002
110004
110078
110289
110488
110500
110546
110679
111114
111137
111243
111261
111299
111397
111433
111449
111458
111528
111581
111583
111965
111994
111994
112069
112103
112107
112217
112228
112289
112471
112503
112588
112638
112722
112802
112936
112991
112991
113023
113048
113105
113383
113434
113668
113755
114020
114033
114119
114132
114160
114315
114442
114454
114878
114981
115011
115060
115253
115305
115326
115359
115421
115460
115596
115846
115856
115889
115891
116027
116209
116211
116260
116286
116335
116359
116429
116461
116499
116641
116742
116765
116813
116850
116868
116882
116909
117077
117316
117390
117406
117413
117420
117486
117595
117848
117883
118024
118174
118396
118474
118497
118632
118659
118866
118965
119113
119217
119220
119397
119413
119416
119596
119748
119765
119925
120094
120115
120171
120265
120265
120446
120540
120578
120633
120702
120889
120920
121029
121053
121144
121158
121170
121210
121292
121398
121600
121777
121801
121865
121907
121915
121945
121951
121984
122007
122009
122229
122328
122550
122669
122689
122752
122761
122987
123114
123315
123325
123445
123634
123648
123872
124134
124290
124415
124446
124472
124479
124509
124644
124832
124884
124906
124946
124969
124991
125144
125485
125542
125800
125877
125980
126115
126222
126507
126851
127010
127055
127127
127358
127378
127396
127450
127518
127560
127903
128031
128032
128135
128245
128524
128607
128645
128681
128756
128932
128936
129150
129260
129341
129503
129506
129560
129664
129752
129783
129841
129945
130153
130330
130337
130717
130760
130808
130953
131067
131155
131286
131311
131385
131465
131503
131563
131706
131779
131967
131970
131991
132010
132056
132261
132276
132407
132434
132537
132622
132679
132791
132858
132871
132918
133237
133321
133470
133646
133714
133847
134020
134031
134081
134150
134246
134250
134256
134314
134379
134383
134428
134474
134491
134594
134707
134947
134968
135092
135201
135219
135231
135299
135500
135527
135952
136010
136252
136350
136425
136435
136551
136679
136702
137001
137079
137322
137506
137537
137545
137706
137761
137846
138151
138204
138358
138615
138699
138927
138952
138985
139070
139248
139816
140016
140204
140391
140423
140450
140534
140582
140586
140623
140633
140665
140707
140755
140773
140805
140870
140878
140926
140944
141077
141231
141269
141719
141861
142232
142350
142608
142630
142663
142918
142949
143239
143279
143546
143615
143659
143730
143764
143836
143942
143981
144077
144168
144246
144354
144365
144425
144445
144760
145027
145035
145107
145159
145258
145495
145537
145706
145766
145981
146009
146044
146082
146087
146353
146443
146476
146684
146705
146985
146994
147233
147452
147526
147638
147714
147840
147903
148112
148215
148401
148409
148689
148932
148983
149247
149352
149485
149489
149578
149733
150129
150151
150230
150373
150522
150603
150667
150715
150730
150934
151240
151403
151447
151466
151500
151565
151580
151696
151852
151853
151899
152128
152236
152268
152399
152461
152468
152574
152665
152823
152896
153012
153057
153177
153365
153398
153601
153602
153627
153938
153965
154080
154105
154187
154253
154470
154524
154526
154670
154752
154961
154992
155069
155343
155364
155439
155494
155499
155604
155834
156022
156125
156301
156315
156811
157031
157052
157093
157104
157239
157273
157367
157761
157787
157882
158216
158260
158267
158305
158514
158585
158630
158652
158764
158849
159002
159175
159185
159326
159388
159409
159546
159682
159790
159928
159986
160142
160171
160490
160662
160763
160776
160780
160811
160836
160847
161024
161102
161122
161572
161625
161633
161864
161988
162030
162030
162082
162210
162257
162885
162908
162960
162982
163138
163149
163235
163241
163306
163379
163459
163498
163540
163587
163795
163987
164370
164634
164654
164733
164829
164890
164915
165089
165141
165610
165845
166085
166190
166374
166388
166537
166551
166617
166995
167045
167081
167153
167507
167714
167746
167906
167964
168102
168183
168218
168343
168410
168414
168508
168657
168661
168697
168888
168905
168941
169085
169440
169493
169577
169651
169661
169687
169729
169739
169938
169948
169952
170053
170086
170197
170435
170551
170963
171023
171129
171167
171190
171349
171552
171661
171685
172026
172047
172232
172251
172353
172471
172492
172756
173010
173012
173033
173136
173343
173346
173380
173465
173476
173586
173828
173945
174138
174224
174277
174337
174370
174441
174488
174513
174542
174758
174816
174826
174918
174944
174992
175128
175174
175605
175775
175876
175913
176004
176072
176134
176168
176241
176425
176432
176520
176655
176683
176768
176901
176974
177603
177616
177724
177969
178123
178422
178554
178656
178695
178698
178888
178968
179001
179212
179228
179246
179249
179308
179364
179365
179447
179510
179515
179615
179852
179879
180040
180285
180324
180340
180458
180639
180660
180683
180739
180743
180759
180773
180938
181005
181062
181168
181196
181370
181445
181457
181663
181687
182151
182201
182257
182258
182462
182762
182819
182857
182961
182981
183044
183138
183186
183238
183399
183761
183778
183811
183873
184061
184185
184237
184308
184398
184457
184569
184675
184872
184881
184882
184883
184989
185128
185139
185157
185544
185621
185633
185684
185695
185744
185784
186005
186126
186256
186268
186291
186357
186389
186539
186574
186766
187171
187357
187459
187596
187656
187704
187893
187979
188077
188106
188234
188250
188286
188326
188330
188411
188474
188584
188601
188889
189016
189062
189108
189116
189235
189499
189507
189829
189829
190041
190143
190163
190184
190318
190629
190689
190751
190823
190960
191221
191281
191385
191623
191734
191736
191754
191786
191971
192221
192236
192416
192448
192503
192536
192546
192688
192799
192801
192829
192832
193165
193189
193236
193806
193884
193898
194109
194109
194144
194160
194298
194330
194358
194375
194507
194926
195143
195164
195272
195296
195356
195437
195614
195727
195822
196197
196279
196379
196730
196742
196812
196908
197142
197327
197348
197404
197481
198011
198014
198156
198194
198214
198247
198250
198256
198308
198335
198470
198531
198709
198719
198720
198839
198864
198881
199067
199092
199097
199146
199157
199184
199196
199224
199344
199609
199872
199946
200010
200165
200187
200226
200276
200319
200321
200534
200547
200745
200907
200912
200983
201142
201216
201685
202051
202058
202260
202276
202388
202769
202866
202900
202969
202983
203056
203083
203509
203630
203714
203719
203834
203847
203853
203980
204200
204356
204530
204591
204599
204663
204707
204739
204759
204839
204890
205047
205148
205200
205258
205400
205452
205587
205646
205648
205658
205716
205835
205855
205993
206094
206292
206320
206391
206548
206558
206564
206771
206792
206795
206820
206864
207126
207129
207391
207394
207533
207555
207673
207687
207730
207931
208042
208307
208327
208481
208595
208764
208809
209027
209258
209273
209297
209417
209496
209514
209885
209932
209956
210080
210140
210198
210242
210376
210385
210392
210487
210522
210536
210539
210669
210775
210807
210952
211110
211162
211182
211272
211373
211442
211609
211620
211664
211672
211675
211705
211706
211782
211800
211809
211825
211921
211962
212254
212621
212680
212768
212808
212905
212914
212971
212981
213053
213057
213511
213518
213587
213605
213663
213897
213900
213941
213983
213985
213989
214055
214157
214200
214217
214231
214265
214398
214484
214503
214553
214813
214839
215028
215120
215472
215636
215685
215725
215785
215881
215984
216041
216049
216162
216332
216405
216458
216625
216656
216817
216963
217003
217343
217347
217471
217683
217821
218016
218325
218471
218476
218545
218652
218769
218770
218788
218856
218993
219227
219468
219550
219846
219948
219956
220040
220094
220145
220830
220886
220895
220938
221000
221071
221142
221210
221215
221263
221303
221314
221501
221711
221733
221834
221954
222017
222150
222239
222278
222281
222304
222380
222559
222689
222764
222769
222866
222903
223216
223344
223347
223535
223708
223711
224191
224300
224374
224440
224448
224468
224492
224496
224685
224812
224908
224911
225063
225086
225126
225235
225248
225317
225363
225550
225621
225633
225673
225847
226081
226099
226132
226244
226366
226676
226707
226731
226832
226904
227595
227629
227645
227729
227759
227838
227860
227878
227910
228013
228068
228110
228138
228201
228370
228439
228542
228581
228600
228742
228782
228863
228872
228876
229165
229181
229196
229198
229512
229820
229883
229922
229922
230120
230162
230273
230306
230381
230484
230556
230577
230744
230789
230891
231163
231216
231255
231307
231384
231427
231506
231664
231933
232130
232191
232258
232341
232365
232374
232386
232458
232675
232706
232725
232763
232851
232867
232917
233031
233193
233194
233251
233307
233450
233502
233526
233539
233551
233783
233909
233975
234000
234082
234217
234275
234388
234441
234446
234565
234606
234791
234926
234980
234987
235283
235293
235330
235407
235757
235787
235870
236095
236096
236123
236245
236284
236385
236390
236438
236579
236638
236701
236801
236859
236913
237150
237152
237153
237296
237373
237544
237680
237709
237861
237926
238066
238363
238415
238588
238624
238692
238695
238793
238850
238878
238893
238952
239096
239241
239594
239677
239725
239748
239888
239896
239917
240049
240150
240221
240338
240416
240443
240569
240702
240727
240787
240879
240926
241066
241076
241127
241168
241238
241292
241349
241376
241693
241778
241783
241861
241969
242037
242067
242172
242187
242216
242233
242306
242326
242333
242385
242577
242649
242657
242675
242890
242968
243042
243377
243502
243629
243635
243718
243732
243786
243948
244050
244054
244054
244122
244322
244449
244474
244489
244534
244553
244648
244659
244661
244819
244855
244910
244924
245054
245058
245243
245250
245269
245279
245357
245435
245626
245708
245761
245865
245959
245968
245975
246196
246221
246348
246417
246420
246680
246882
246897
247375
248105
248210
248267
248341
248382
248421
248590
248669
248737
248814
248850
249028
249045
249065
249136
249139
249300
249331
249355
249544
249665
249826
249836
249854
249969
250114
250170
250204
250223
250310
250420
250492
250512
250560
250606
250868
250952
251138
251141
251142
251295
251361
251593
251617
251681
252042
252073
252230
252260
252272
252445
252626
252771
252845
252996
253591
253613
253743
254006
254085
254251
254352
254369
254369
254392
254395
254571
254665
254954
254964
255064
255315
255331
255379
255451
255562
255577
255652
255812
255830
256062
256093
256141
256219
256269
256316
256433
256441
256496
256539
256726
256731
256776
257123
257855
258040
258116
258194
258248
258343
258433
258526
258743
258895
259019
259062
259099
259106
259113
259579
259714
259857
260068
260093
260142
260159
260298
260350
260363
260381
260401
260460
260520
260545
260842
260896
260910
260932
261031
261042
261096
261126
261136
261398
261461
261489
261628
261662
261732
261980
262126
262179
262188
262367
262403
262410
262504
262660
262852
262883
263044
263235
263272
263327
263339
263422
263588
263734
263758
263868
263908
263962
264056
264178
264287
264443
264607
264646
264735
264902
264924
265034
265040
265154
265236
265277
265324
265333
265463
265483
266087
266096
266113
266210
266263
266298
266348
266531
266863
266930
267109
267132
267232
267311
267422
267468
267506
267568
267660
267748
267824
267896
267914
268021
268039
268266
268365
268382
268744
268814
268875
268953
268974
269095
269101
269186
269373
269687
269694
269778
269802
269877
270037
270107
270128
270417
270542
270571
270776
270791
271154
271170
271281
271614
271630
271631
271780
271786
272080
272099
272200
272217
272241
272277
272415
272626
272807
272944
273210
273325
273374
273376
273377
273570
273978
273983
274097
274157
274233
274393
274502
274635
274672
274687
274819
274956
275079
275114
275146
275233
275269
275334
275345
275514
275591
275610
275870
275977
276053
276133
276251
276411
276418
276489
276544
276603
276652
276724
276724
276810
276833
276838
276870
276940
277149
277288
277476
277500
277550
277844
277940
277994
278113
278150
278199
278274
278302
278314
278518
278594
278890
279018
279021
279115
279149
279277
279413
279423
279452
279879
279937
279945
279975
280078
280242
280278
280317
280366
280504
280530
280539
280568
280577
280590
280687
280767
280817
280974
281415
281539
281779
281977
281977
281994
282253
282281
282327
282449
282463
282487
282582
282627
282772
282856
283016
283259
283274
283715
283845
284222
284287
284353
284413
284475
284571
284704
284781
284794
285043
285086
285132
285138
285365
285377
285528
285743
285754
285889
285948
286479
286544
286668
286918
287133
287150
287244
287252
287256
287434
288092
288122
288211
288229
288295
288366
288426
288552
288747
288959
289019
289075
289148
289470
289549
289552
289628
289646
289719
289879
289992
290019
290128
290219
290238
290320
290364
290394
290447
290814
290884
291125
291147
291449
291624
291677
291761
291939
291971
291995
292172
292391
292694
292834
292867
292927
292944
292979
293002
293012
293021
293097
293164
293169
293540
293585
293712
293771
293858
293947
293987
294069
294258
294287
294420
294484
294549
294608
294639
294848
294869
294893
295130
295220
295373
295525
295563
295578
295704
295727
295731
295856
295977
295995
296202
296351
296394
296424
296549
296599
296703
297041
297126
297131
297445
297624
297625
297865
297897
297956
298041
298150
298161
298282
298302
298415
298440
298674
298850
298919
299027
299127
299416
299430
299453
299871
299909
300025
300198
300236
300267
300387
300523
300560
300561
300568
300642
300819
300973
301192
301201
301412
301516
301600
301779
301815
301905
302056
302137
302208
302438
302590
302656
302760
302852
302907
303009
303011
303120
303295
303394
303455
303562
303635
303649
303725
303806
304040
304051
304119
304413
304415
304571
304611
304620
304781
304890
304913
304955
304994
305057
305098
305270
305310
305363
305445
305474
305632
305769
305812
305880
306008
306078
306241
306249
306350
306362
306469
306539
306586
306602
306633
306648
306750
307070
307217
307394
307572
307811
307827
307957
308115
308139
308228
308302
308339
308353
308720
308731
308783
308951
309041
309296
309429
309502
309572
309669
309678
309873
309874
309901
310015
310480
310525
310545
311018
311153
311345
311547
311628
311953
311980
311997
312100
312311
312684
312873
312873
312879
313174
313261
313392
313561
313710
313723
313729
313731
313868
313876
313992
314254
314365
314370
314493
314517
314606
314619
314710
314738
314783
314975
315080
315298
315692
315884
315978
316096
316179
316227
316314
316319
316461
316481
316714
316815
316997
317158
317173
317406
317441
318020
318108
318197
318433
318478
318492
318675
318738
318742
318751
318870
318909
318938
319195
319334
319362
319451
319606
319798
320000
320057
320077
320269
320299
320305
320384
320387
320417
320517
320614
320624
320728
320846
321108
321172
321188
321198
321254
321480
321485
321640
321851
321864
321872
321880
321909
321934
321969
322012
322048
322188
322457
322566
322709
322781
322781
322785
323062
323194
323207
323276
323421
323476
323700
323903
324020
324090
324186
324189
324306
324363
324448
324496
324615
324948
325369
325381
325511
325633
325791
325836
325856
325865
325968
326060
326123
326124
326271
326326
326404
326466
326567
326605
326628
326661
326671
326672
326674
326775
326868
326876
327377
327396
327500
327683
327718
327799
327831
328014
328125
328199
328274
328398
328640
328709
328877
329094
329177
329230
329233
329249
329281
329536
329605
329616
329701
329722
329832
329856
329870
330048
330161
330204
330369
330396
330413
330584
330955
331131
331132
331529
331580
331597
331604
331728
331775
332199
332235
332243
332255
332258
332326
332553
332715
332857
332913
332965
332975
332989
333029
333137
333203
333258
333284
333379
333387
333425
333469
333530
333540
333624
333842
333979
333987
334014
334127
334414
334584
334626
334669
334803
334902
334987
335011
335089
335133
335232
335352
335459
335590
335592
335735
335775
335816
335881
336182
336219
336255
336619
336748
336767
336806
337079
337148
337373
337390
337424
337585
337704
337863
337879
337945
337947
337951
337957
337958
338157
338222
338230
338285
338663
338688
338739
338773
338812
339008
339017
339166
339184
339194
339197
339355
339386
339419
339425
339729
339861
339999
340000
340065
340144
340251
340302
340442
340519
340605
340676
340708
340767
340817
340820
340962
340997
341110
341154
341189
341215
341289
341310
341441
341489
341851
341985
341991
342267
342302
342344
342585
342649
342654
342675
343127
343129
343266
343266
343443
343818
343945
343967
344000
344010
344046
344092
344107
344207
344272
344379
344434
344512
344521
344555
344679
344687
344721
344738
344873
345044
345044
345223
345295
345351
345376
345408
345533
345576
345749
345819
345825
345958
346018
346022
346157
346411
346622
346657
346744
346777
346820
346911
347087
347120
347158
347433
347507
347774
347779
347809
347854
347936
348015
348058
348243
348283
348306
348371
348377
348381
348381
348448
348458
348625
348656
349006
349219
349223
349232
349415
349621
349677
349875
349900
349921
349943
350008
350101
350106
350234
350257
350530
350561
350575
350582
350722
350805
350818
350858
350900
351036
351074
351090
351219
351326
351343
351381
351516
351558
351653
351816
351949
351984
351992
352067
352115
352186
352313
352415
352415
352420
352498
352662
352731
352962
353102
353127
353191
353398
353458
353559
353777
353845
353851
353891
353930
354189
354198
354322
354323
354438
354441
354481
354806
354869
355046
355071
355233
355456
355535
355967
356216
356771
356829
356844
356970
356978
356992
357031
357105
357125
357289
357479
357484
357501
357572
357576
357605
357665
357696
357708
357732
357748
357935
357944
358049
358117
358167
358522
358540
358568
358643
358666
358799
358883
358969
359078
359178
359237
359304
359450
359493
359608
359890
360115
360117
360182
360211
360233
360415
360416
360645
360648
360673
360725
360879
360941
360979
361053
361142
361217
361279
361323
361674
361774
361848
361896
362177
362237
362254
362461
362528
362681
362805
362982
363052
363084
363280
363501
363532
363536
363576
363710
363954
364104
364189
364254
364397
364469
364770
364792
364883
364927
364931
365254
365320
365471
365581
365651
365704
365825
365880
365955
365988
366019
366437
366694
366738
366815
366900
366998
367000
367183
367332
367344
367354
367442
367536
367544
367744
367851
367967
368062
368084
368248
368419
368447
368549
368591
368600
368604
368706
368719
368762
368916
369010
369089
369158
369255
369276
369320
369354
369449
369559
369568
369627
369648
369648
369724
369834
369880
369963
369963
370012
370078
370295
370357
370371
370562
370723
370733
370778
370980
371393
371423
371429
371450
371557
371692
371823
371950
371996
372064
372266
372304
372429
372451
372671
372737
372899
373005
373243
373423
373566
373796
373802
373818
373947
373999
374108
374165
374262
374426
374491
374509
374555
374593
374887
374933
374947
374988
375046
375073
375099
375286
375326
375400
375700
375752
375766
375802
375816
375817
375905
376046
376114
376120
376262
376428
376459
376524
376548
376581
376742
376824
376893
376949
377061
377109
377127
377183
377221
377370
377429
377448
377448
377876
377957
378030
378047
378163
378441
378617
378755
378840
378854
378953
379001
379149
379269
379321
379436
379493
379524
379903
379946
379947
380051
380074
380100
380109
380339
380508
380633
380641
380674
380696
380934
381074
381260
381438
381628
382200
382253
382430
382637
382776
382951
383137
383236
383316
383328
383381
383418
383467
383697
383853
383912
383916
384009
384202
384244
384552
384638
384642
384687
384818
384869
384877
385122
385132
385157
385277
385324
385407
385412
385578
385643
385713
385733
385936
386078
386098
386247
386250
386395
386480
386832
387350
387414
387432
387522
387561
387710
387846
388027
388041
388116
388247
388310
388454
388460
388750
388760
388797
388952
389175
389302
389305
389575
389596
389788
389814
390040
390152
390230
390387
390700
390722
390731
390976
391071
391173
391215
391338
391366
391407
391553
391568
391593
391678
391763
391822
391903
392040
392059
392112
392146
392236
392407
392551
392566
392804
392887
392935
392977
393088
393138
393154
393170
393182
393213
393313
393480
393503
393510
393512
393551
393581
393735
393989
394127
394187
394212
394322
394371
394669
394679
394764
394777
395005
395015
395325
395419
395512
395704
395727
395750
395752
395865
395876
395907
396112
396144
396314
396318
396385
396392
396405
396450
396596
396600
396965
396978
397011
397102
397255
397670
397740
397797
397842
397875
397882
397939
398138
398200
398400
398521
398568
398684
398690
398733
398765
398795
398845
398866
398869
398897
398962
399149
399197
399247
399459
399645
399801
399815
399899
400127
400171
400194
400196
400209
400260
400356
400367
400498
400797
401059
401081
401347
401366
401594
401642
401727
401868
401925
402122
402198
402209
402280
402415
402633
403056
403066
403300
403330
403536
403759
403881
403994
404004
404053
404193
404194
404312
404473
404541
404550
404629
405063
405117
405224
405347
405483
405561
405588
405639
405649
405869
405989
406152
406330
406343
406392
406452
406624
406738
406752
406972
407170
407392
407495
407518
407646
407996
408013
408037
408266
408274
408341
408368
408396
408487
408592
408694
408776
408906
408959
409026
409100
409146
409269
409398
409426
409605
410053
410094
410231
410233
410414
410420
410547
410716
410737
410774
410782
410991
411019
411032
411264
411295
411558
411586
411624
411705
411828
411849
411922
412144
412188
412362
412399
412414
412420
412463
412465
412494
412594
412652
412808
412904
412971
413007
413200
413342
413377
413411
413430
413443
413496
413547
413739
413751
413898
413961
414071
414267
414460
414549
414686
414786
415088
415117
415155
415338
415348
415423
415681
415769
416046
416239
416336
416340
416921
417041
417063
417085
417193
417218
417244
417265
417332
417449
417520
417698
417720
417723
417752
417846
417889
417946
418096
418140
418196
418260
418310
418425
418455
418623
418714
418771
418873
418967
419009
419421
419461
419479
419518
419714
419740
419747
419789
419894
419897
420094
420175
420261
420419
420598
420700
420721
420848
420857
420995
421112
421174
421261
421357
421564
421693
422026
422029
422244
422268
422603
422667
422673
422675
422768
422903
423258
423303
423510
423535
423580
423582
423596
423627
423652
423804
423832
423892
423894
423934
424008
424059
424162
424203
424385
424518
424539
424543
424728
424935
424994
425085
425210
425228
425393
425690
425747
425752
425807
425862
425961
425980
425987
426148
426232
426524
426641
426791
426955
427160
427205
427294
427419
427463
427612
427782
427843
428032
428067
428072
428100
428172
428192
428211
428272
428359
428617
428651
428657
428760
429237
429312
429365
429371
429392
429421
429718
429751
429753
429762
429905
429919
429938
430031
430187
430200
430214
430236
430405
430624
430740
431160
431226
431495
431513
431539
431553
431623
431768
431791
431896
432100
432122
432193
432515
432531
432563
432694
433062
433258
433401
433458
433549
433623
433664
433719
433797
434328
434367
434505
434602
434728
434876
434984
435087
435188
435594
435619
435797
436006
436122
436310
436550
436771
436816
436985
437123
437134
437216
437284
437311
437335
437343
437401
437443
437466
437499
437555
437711
437782
438069
438137
438165
438207
438572
438602
438623
438666
438673
438701
438734
438996
439048
439096
439150
439194
439296
439409
439414
439483
439519
439615
439616
439871
439920
440016
440194
440280
440366
440371
440423
440605
440655
440703
440709
440737
440746
440887
441383
441491
441500
441504
441594
441690
441762
441892
442097
442217
442292
442306
442307
442389
442491
442557
442708
442746
442839
442918
442965
442995
443276
443323
443487
443540
443558
443609
443683
443779
443924
443993
444008
444076
444188
444293
444368
444458
444520
444558
444698
444856
445022
445038
445097
445421
445442
445578
445878
445987
446057
446075
446213
446327
446452
446476
446496
446501
446533
446605
446612
446721
446722
446980
447073
447298
447368
447393
447421
447486
447799
447800
447838
447846
447882
447908
448058
448073
448198
448243
448279
448569
448683
448803
449034
449158
449220
449259
449361
449381
449474
449507
449594
449818
449897
449898
449960
450030
450041
450642
450842
450899
451052
451194
451194
451230
451257
451349
451413
451416
451620
451621
451725
451904
452049
452083
452266
452375
452430
452444
452500
452537
452602
452673
452800
452958
453013
453124
453146
453213
453414
453506
453610
453646
453959
454005
454201
454405
454666
454679
454747
454900
454991
455158
455180
455226
455301
455436
455466
455472
455593
455764
455912
456029
456046
456140
456164
456187
456291
456301
456540
456578
457135
457183
457187
457247
457409
457500
457507
457529
457593
457664
457798
458116
458258
458389
458445
458505
458562
458877
458985
459082
459195
459259
459317
459635
459639
459666
459759
459798
459922
459944
460117
460147
460217
460411
460444
460498
460824
460855
461081
461191
461431
461680
461699
461732
461742
462286
462356
462533
462545
463037
463100
463219
463372
463430
463484
463515
463517
463528
463553
463582
463588
463832
464051
464263
464303
464319
464377
464761
464800
464891
464984
465772
465896
466024
466296
466335
466363
466456
466616
466627
466630
466671
466696
466737
466779
466835
466921
466924
466966
467115
467120
467155
467217
467292
467439
467442
467546
467615
467783
467798
467849
467863
467913
468032
468129
468202
468237
468509
468596
468597
468661
468693
468869
468872
469075
469145
469279
469383
469415
469457
469468
469630
469862
470173
470342
470415
470524
470804
470817
470902
470962
471006
471006
471326
471334
471720
471734
471806
471915
472202
472431
472443
472504
472552
472738
472845
472918
472931
472953
472977
473121
473292
473377
473427
473561
473783
473861
473889
473982
474078
474099
474161
474410
474576
474819
474823
474902
475028
475039
475144
475249
475289
475309
475815
475920
476164
476228
476359
476377
476688
476770
477072
477111
477148
477233
477297
477352
477444
477621
477647
477659
477876
477904
478121
478196
478204
478269
478515
478598
478704
478734
478880
478900
479096
479271
479434
479479
479497
479611
479647
479691
480148
480218
480421
480723
480782
481115
481130
481169
481219
481222
481258
481326
481439
481466
481515
481787
481889
482331
482411
482514
482574
482605
482633
482687
482710
482722
482726
482745
482754
482797
482921
483035
483123
483271
483456
483513
483531
483549
483589
483715
483848
483963
483979
484211
484273
484381
484449
484492
484589
484711
484732
484851
484942
484993
485005
485092
485125
485216
485255
485574
485624
485635
485889
485979
486120
486126
486204
486247
486260
486327
486385
486540
486609
486626
486679
486854
486918
486980
487080
487155
487230
487238
487284
487374
487403
487444
487564
487781
487853
487866
487961
488056
488249
488480
488500
488587
488839
488843
488948
489227
489325
489334
489360
489372
489423
489553
489554
489656
489848
489927
489985
490076
490117
490172
490261
490457
490470
490485
490516
490553
490650
490779
490791
490945
491026
491120
491435
491490
491639
491709
491872
492186
492231
492287
492312
492371
492629
492632
492764
492936
493012
493096
493099
493184
493234
493250
493316
493348
493530
493562
493576
493649
493806
493839
494122
494284
494307
494391
494524
494583
494591
494679
494784
494901
495034
495179
495255
495370
495385
495432
495465
495475
495482
495627
495636
495686
495731
495779
495863
495879
495969
495994
496369
496618
496773
496919
496964
497205
497317
497386
497496
497594
497623
497657
497686
497875
497967
497972
497993
498007
498281
498354
498486
498603
498687
498814
498842
498874
498900
499072
499328
499432
499454
499467
499620
499751
499757
499827
499865
499948
499961
500026
500419
500420
500476
500519
500522
500545
501060
501370
501566
501691
501759
502012
502278
502399
502655
502657
502756
502948
503011
503023
503146
503234
503796
503866
503980
504058
504073
504088
504100
504135
504178
504336
505020
505112
505197
505321
505323
505558
505617
505640
505712
505812
505916
505945
506048
506132
506142
506194
506265
506373
506543
506554
506645
506838
506838
507136
507170
507200
507257
507336
507452
507464
507584
507681
507831
507941
507956
508039
508092
508112
508172
508359
508389
508526
508869
508885
508977
509210
509239
509530
509543
509550
509754
509759
509899
510182
510312
510363
510386
510523
510706
510761
510827
510878
510889
510906
511014
511082
511219
511274
511362
511544
511697
511938
511967
511999
512110
512410
512475
512564
512613
512861
512876
513011
513046
513084
513167
513293
513344
513431
513497
513544
513641
513815
513954
514020
514220
514233
514371
514918
514962
514983
515197
515218
515277
515317
515444
515557
515605
515668
515875
515974
516024
516111
516203
516288
516462
516692
516947
517015
517182
517183
517190
517290
517339
517390
517399
517516
517547
517598
517639
517719
517827
517960
517999
518095
518119
518177
518191
518235
518281
518286
518555
518611
518661
518725
518879
519025
519102
519311
519432
519459
519815
519891
519897
519951
520258
520337
520484
520571
520793
521010
521038
521167
521509
521545
521576
521645
521649
521688
521936
521961
521983
522160
522203
522251
522252
522503
522515
522922
523196
523303
523376
523489
523604
523640
524079
524209
524220
524260
524436
524562
524677
524885
525067
525082
525093
525169
525502
525653
525666
525826
525914
526228
526234
526475
526500
526564
526593
526730
527144
527238
527533
527722
527833
527896
527939
528148
528196
528318
528385
528448
528585
528757
528802
528817
528822
528851
528863
528883
528931
529302
529460
529601
529674
529968
530180
530661
530698
530711
530740
530767
530768
530799
530827
530832
530879
530903
531026
531043
531099
531197
531271
531312
531324
531515
531729
531968
532001
532054
532185
532357
532475
532526
532774
532867
533258
533300
533406
533592
533808
533925
533992
533995
533999
534008
534035
534045
534062
534171
534180
534317
534432
534620
534705
534872
534888
534994
535091
535194
535203
535217
535220
535465
535504
535534
535563
535609
535642
535670
535712
535715
535873
535918
535995
536142
536152
536167
536226
536376
536496
536630
536836
536965
537029
537091
537112
537360
537472
537912
538205
538270
538286
538478
538543
538587
538758
538964
539026
539160
539197
539283
539545
539598
539660
539715
539821
539874
539936
540094
540146
540203
540226
540316
540556
540633
540799
540940
540977
541004
541101
541147
541235
541655
541905
541976
542103
542291
542361
542599
542612
542680
542775
542915
542920
542978
543152
543208
543225
543233
543312
543404
543462
543550
543566
543846
544054
544088
544303
544631
544634
544809
544833
544900
544922
545035
545201
545234
545469
545470
545473
545485
545731
545802
545861
545869
545943
545946
546016
546017
546194
546413
546437
546517
546549
546607
546753
546856
546882
547016
547097
547160
547472
547577
547747
547763
547824
547912
547922
547936
547954
547979
548026
548037
548270
548302
548475
548535
548769
549152
549178
549275
549585
549622
549804
549814
550148
550204
550214
550305
550461
550502
550590
550854
550930
550989
550993
551020
551035
551173
551173
551223
551348
551379
551813
551835
551944
551951
551966
551993
552087
552125
552128
552193
552415
552520
552612
552630
552746
552800
552847
552916
552988
553064
553266
553315
553371
553501
553586
553884
553889
553891
554082
554167
554183
554309
554325
554343
554400
554417
554536
554544
554596
554608
554618
554667
554692
554787
554869
554937
555293
555501
555614
555640
555650
555728
556000
556172
556199
556227
556322
556509
556563
556564
556584
556662
556735
556757
556760
556929
557024
557312
557580
557593
557599
557614
557678
557747
557884
558051
558186
558231
558399
558505
558780
558821
558821
559009
559129
559257
559272
559274
559325
559331
559361
559364
559555
559590
559689
559731
559777
559829
559909
560065
560078
560126
560319
560340
560503
560532
560549
560562
561075
561113
561237
561244
561283
561363
561410
561423
561430
561466
561492
561497
561806
561857
561877
562016
562251
562261
562293
562307
562411
562679
562767
562832
562847
563006
563143
563156
563370
563396
563520
563616
563679
563899
563948
563991
564028
564048
564125
564138
564196
564235
564302
564440
564466
564553
564924
565049
565096
565712
565777
565782
566046
566092
566195
566256
566424
566427
566573
566600
566626
566714
566798
566916
566972
566975
567014
567129
567600
567669
567698
567799
567814
567892
567896
567901
567959
568008
568014
568028
568113
568248
568333
568506
568534
568553
568666
568827
568922
568932
569109
569385
569458
569615
569716
569750
569775
569899
569901
570143
570182
570285
570446
570603
570643
570656
570660
570673
570698
570900
570912
570933
570939
570994
571013
571062
571071
571215
571292
571391
571490
571748
571774
571775
571834
571856
571980
572055
572063
572113
572245
572397
572451
572594
572757
572775
573063
573174
573432
573501
573515
573762
573865
573875
573968
574027
574086
574160
574226
574342
574383
574576
574775
574790
574851
574873
574958
575192
575244
575666
575706
575779
575803
576007
576031
576354
576374
576385
576580
576760
576798
576978
577099
577143
577467
577575
577585
577801
577857
577864
578097
578173
578525
578553
578722
578791
578832
579042
579076
579201
579294
579502
579628
579652
580014
580062
580137
580167
580174
580191
580318
580500
580820
580833
580979
581006
581096
581113
581177
581279
581293
581476
581585
581617
581642
581694
581771
581833
582387
582466
582474
582654
582787
583106
583188
583209
583306
583413
583454
583484
583669
583695
583727
583798
583894
583943
584094
584227
584308
584400
584727
584832
584867
585118
585207
585262
585329
585378
585610
585992
586036
586116
586126
586128
586158
586334
586334
586631
586637
586675
586676
586959
586996
587249
587281
587293
587856
587866
587878
587940
588121
588260
588295
588419
588515
588643
588657
588719
588875
588953
589227
589407
589460
589488
589545
589780
589787
590197
590396
590593
590634
590635
590646
590687
590744
590984
591033
591034
591119
591292
591299
591308
591360
591375
591586
591835
591958
591983
592044
592066
592125
592146
592286
592370
592489
592533
592610
592852
592882
592901
593015
593196
593200
593248
593281
593309
593390
593434
593598
593788
593877
593928
594029
594032
594059
594210
594289
594390
594410
594575
594740
594750
594797
594896
594916
595005
595019
595118
595217
595248
595326
595549
595630
595734
595874
595981
595998
596093
596124
596238
596241
596355
596368
596430
596518
596560
596568
596587
596629
596788
596849
596876
596971
597001
597146
597240
597278
597385
597579
597719
597963
598000
598295
598357
598582
598673
598733
598795
598823
598827
598911
598964
599036
599106
599196
599201
599311
599558
599740
600118
600160
600256
600264
600293
600523
600545
600566
600596
600854
600931
601020
601052
601104
601236
601269
601313
601360
601429
601578
601631
601766
601780
601906
601907
601940
601983
602005
602263
602279
602331
602379
602383
602509
602639
602954
603253
603293
603321
603374
603490
603719
603765
603950
604043
604157
604180
604421
604435
604437
604504
604580
604637
604658
604760
605154
605158
605179
605401
605522
605692
605762
605895
605903
605923
606020
606045
606052
606239
606534
606631
606685
606687
606915
607016
607016
607224
607581
607621
607844
607863
607900
607902
607936
607940
607987
608031
608068
608084
608089
608121
608155
608261
608271
608349
608584
608793
608830
608871
608986
609111
609252
609275
609295
609468
609489
609508
609655
609779
609818
609847
610279
610294
610332
610384
610397
610589
610677
610790
610915
611004
611039
611177
611196
611245
611297
611340
611349
611504
611684
611716
611812
611907
611916
611940
611984
612009
612053
612087
612095
612136
612263
612300
612432
612556
613043
613256
613491
613512
613592
613614
613685
613788
613929
614142
614159
614200
614259
614367
614384
614486
614563
614605
614662
614727
614727
614740
614920
614953
614957
615104
615113
615132
615252
615316
615343
615392
615647
615735
615829
615897
615934
615943
616120
616145
616201
616203
616222
616269
616303
616367
616389
616507
616708
616717
616719
616728
616749
616775
617003
617138
617173
617183
617184
617259
617270
617320
617562
617655
617774
617785
618061
618065
618245
618436
618566
618676
618776
618850
619301
619339
619358
619465
619474
619508
619517
619557
619580
619589
619720
619771
619855
620058
620203
620203
620231
620234
620240
620270
620377
620449
620591
620703
620721
620735
620774
621537
621548
621609
621673
621834
621856
621926
621974
622077
622090
622372
622551
622575
622623
622702
622739
622842
622842
622903
622910
622923
623087
623323
623436
623504
623527
623720
623722
623790
623863
623865
623937
624117
624179
624270
624409
624513
624570
624916
625168
625308
625571
625581
625608
625760
625896
626024
626042
626222
626476
626488
626521
626601
626663
626766
626832
627020
627097
627114
627131
627204
627208
627256
627384
627439
627484
627494
627552
627611
627683
627784
627818
627818
628011
628018
628050
628149
628413
628473
628480
628790
628859
628906
629207
629229
629594
629630
629720
629937
630010
630549
630659
631044
631164
631166
631399
631413
631601
631616
631639
631682
631698
631813
632095
632153
632301
632344
632358
632369
632437
632443
632661
632761
632783
632834
632956
633075
633203
633248
633347
633419
633759
633821
633846
633887
633890
633910
634053
634123
634143
634158
634257
634313
634395
634414
634529
634641
634652
634731
634945
635183
635202
635336
635495
636004
636049
636152
636228
636652
636687
636711
636775
636909
636959
637013
637154
637225
637291
637304
637305
637503
637555
637591
637710
637749
637764
637808
637837
637874
637903
638056
638231
638691
638848
639244
639279
639601
639613
639704
639706
639733
639789
640004
640194
640196
640205
640229
640270
640483
640782
640881
641137
641178
641305
641361
641391
641475
641512
641553
641599
641665
641669
641679
641843
641871
641878
642440
642443
642583
642601
642693
642781
642951
643003
643227
643237
643293
643404
643419
643548
643584
643646
643700
643886
644328
644496
644501
644571
644608
644677
644801
644927
645203
645214
645405
645436
645469
645480
645555
645668
645734
645779
645838
645892
645898
645979
646000
646149
646176
646324
646330
646405
646451
646711
646787
647013
647103
647199
647297
647534
647578
647626
647647
647694
648128
648267
648276
648392
648409
648570
648735
648798
648802
649039
649041
649095
649243
649272
649404
649486
649554
649961
649966
650073
650282
650343
650447
650463
650475
650735
650736
650814
650839
650842
650978
650981
651276
651376
651424
651655
651677
651874
651959
651979
651992
652093
652121
652192
652263
652285
652512
652519
652610
652893
652973
653009
653071
653326
653380
653661
653807
653966
654012
654090
654144
654424
654819
654832
655070
655128
655194
655258
655370
655450
655639
655641
655818
655876
655937
656102
656661
657062
657091
657257
657288
657420
657423
657548
657617
657646
657692
657796
657800
657928
657987
658225
658234
658266
658670
658689
658774
659037
659040
659139
659269
659312
659378
659462
659594
659610
659634
659648
659649
659671
659702
659735
659860
659915
659921
659938
659953
659966
660080
660372
660444
660757
660879
660966
660969
661113
661127
661133
661246
661399
661685
661713
661725
661847
661910
661994
662131
662173
662210
662390
662433
662475
662571
662618
662664
662765
663179
663251
663534
663572
663627
663744
663766
663855
663994
664031
664121
664305
664506
664526
664568
664878
665274
665536
665576
665691
665917
665943
665976
665989
666323
666384
666675
666771
666825
666863
667214
667245
667368
667441
667590
667988
668013
668062
668088
668132
668208
668244
668382
668563
668636
668639
668686
668762
669197
669249
669254
669258
669290
669329
669329
669492
669518
669808
669836
669851
669955
669970
669986
670071
670106
670177
670202
670371
670742
670760
670889
670951
671077
671283
671342
671693
671986
672343
672425
672441
672536
672596
672708
672856
672947
673077
673098
673197
673225
673557
673774
673800
673930
674172
674333
674465
674546
674585
674592
674806
674860
675301
675327
675403
675728
675745
675750
675807
675860
676015
676074
676242
676268
676451
676472
676486
676517
676524
676583
676624
676728
676854
676873
676899
676938
677101
677250
677264
677378
677423
677518
677597
677656
677701
677773
678269
678539
678892
678910
678926
679047
679115
679219
679294
679319
679338
679487
679571
679578
679637
679891
679902
680152
680318
680446
680888
681079
681143
681165
681188
681428
681480
681489
681562
681612
681649
681747
681749
681772
682065
682129
682151
682197
682267
682420
682647
682707
682777
682871
682933
683079
683363
683412
683460
683473
683484
683494
683784
683793
683812
683825
683902
684024
684136
684158
684411
684542
684613
684802
684856
684870
684946
684984
685253
685268
685311
685350
685361
685463
685467
685487
685495
685495
685511
685573
685626
685718
685885
686072
686325
686340
686511
686818
687119
687230
687258
687270
687335
687541
687748
687802
687819
687823
687868
687875
687929
687995
688008
688034
688080
688414
688597
688993
689063
689065
689072
689263
689331
689424
689478
689543
689779
689863
689961
690059
690231
690555
691036
691283
691356
691491
691655
691741
691808
691920
692057
692060
692261
692332
692779
692902
692923
692941
693086
693159
693187
693397
693519
693620
693681
693858
694024
694079
694243
694259
694286
694459
694668
694673
694679
694680
694750
694813
695014
695123
695302
695307
695524
695645
695711
695837
695847
695874
695996
696006
696141
696183
696221
696300
696309
696504
696525
696576
696748
697084
697167
697296
697432
697455
697582
697584
697922
698205
698342
698532
698535
698693
698809
698822
698828
699139
699167
699502
699509
699689
699740
699789
699896
699915
700047
700089
700167
700246
700451
700516
700567
700619
700628
700648
700802
700813
700837
700921
700978
701043
701052
701267
701299
701514
701629
701846
701916
701951
702028
702154
702196
702277
702584
702672
702952
703048
703070
703186
703200
703317
703321
703488
703510
703571
703587
703590
703685
703739
703764
703768
703911
703930
704067
704175
704381
704483
704742
704971
704991
705100
705222
705651
705944
705986
706064
706376
706670
706778
706890
707137
707174
707198
707295
707315
707386
707414
707584
707656
707810
707869
707912
708008
708169
708271
708379
708489
708542
708707
708781
708819
708909
709218
709266
709505
709577
709668
709732
709968
710059
710119
710128
710178
710250
710299
710403
710456
710688
710691
710848
710850
711100
711622
711748
711753
711895
711941
712064
712119
712186
712366
712623
712687
712811
712902
712914
713033
713037
713205
713382
713630
713828
713851
713870
713901
714095
714159
714254
714638
714662
714717
714765
714919
714983
715045
715268
715827
715935
716035
716043
716071
716162
716375
716381
716381
716381
716395
716395
716616
716876
717050
717071
717166
717225
717231
717473
717474
717583
717768
717782
717788
717804
717815
717832
717864
718184
718275
718351
718387
718457
718544
718652
718710
718740
719005
719065
719103
719148
719450
719545
719613
719753
719839
720006
720068
720088
720141
720264
720491
720512
720623
720632
720978
721015
721021
721047
721091
721282
721294
721355
721357
721377
721446
721617
721671
721966
722275
722294
722299
722710
722743
722754
722869
722986
723224
723248
723399
723400
723437
723481
723550
723695
723737
723792
723801
723810
723924
724025
724079
724115
724135
724169
724253
724327
724398
724419
724592
724719
724795
724831
724943
725061
725097
725129
725132
725226
725556
725764
725811
725869
725881
725942
726031
726047
726495
726561
726610
726854
727070
727072
727126
727481
727617
727722
727957
728048
728104
728192
728437
728549
728558
728788
729018
729059
729108
729199
729298
729364
729364
729394
729450
729528
729599
729602
729662
729678
729812
729831
729937
730019
730066
730108
730173
730181
730205
730272
730394
730440
730553
730733
730946
731064
731119
731155
731354
731453
731566
731743
731753
731960
732026
732124
732198
732352
732367
732744
732856
732971
733018
733059
733063
733080
733096
733112
733216
733221
733473
733599
733613
733637
733665
733787
733862
733939
733964
734038
734086
734241
734448
734493
734507
734653
734759
734886
735055
735140
735340
735382
735482
735600
735606
735799
735936
736457
736811
736822
736902
737011
737207
737224
737240
737335
737401
737442
737492
737668
738034
738204
738283
738371
738469
738627
738758
738793
738808
738820
739036
739063
739143
739232
739288
739357
739362
739532
739581
739592
739740
739816
739824
739886
739911
739962
740033
740137
740262
740295
740460
740492
740557
740809
741175
741188
741295
741383
741569
741879
741962
741975
742003
742112
742136
742192
742195
742280
742607
742677
742880
742984
743152
743185
743213
743469
743899
744001
744020
744421
744488
744552
744622
744630
744826
744840
744867
745108
745307
745397
745505
745549
745989
746069
746184
746356
746381
746462
746524
746600
746768
746951
747100
747128
747317
747467
747643
747694
747696
747814
748251
748312
748349
748362
748417
748607
748753
748765
748807
748830
749013
749070
749180
749190
749219
749694
749969
750018
750158
750248
750276
750320
750362
750526
750587
750878
750920
750933
750986
751355
751851
752006
752025
752223
752255
752330
752411
752491
752922
753014
753076
753229
753512
753827
753833
753861
753900
753949
754174
754639
754659
754683
754803
754831
755176
755396
755408
755483
755539
755539
755544
755621
755767
755784
755865
755960
755968
756094
756098
756105
756108
756169
756188
756223
756236
756325
756590
756663
756678
756763
756779
756891
757044
757049
757174
757516
757546
757593
757692
757777
757886
758093
758097
758145
758251
758480
758626
758741
758765
758805
758907
759063
759223
759453
759527
759671
759759
759761
759905
760011
760593
760720
760808
760826
760840
760870
760894
760910
760927
760985
761032
761053
761420
761422
761464
761562
761739
761765
761786
761928
762017
762125
762161
762199
762379
762429
762522
762704
762879
762966
763079
763200
763205
763230
763711
763790
763840
763879
764013
764116
764195
764266
764288
764353
764476
764483
764503
764656
764688
764766
764856
764902
764947
764993
765235
765605
765642
765656
765741
766052
766175
766297
766310
766310
766335
766390
766468
766484
766546
766561
766586
766634
766670
766687
766714
766833
767370
767374
767581
767644
767657
767717
767759
767781
767798
767852
767895
768002
768003
768046
768058
768163
768236
768250
768482
768489
768519
768724
768787
768860
768914
769142
769184
769245
769364
769627
769793
770307
770355
770363
770592
770625
770781
770804
770891
770996
771001
771398
771616
771704
771822
771922
771953
771965
771995
772108
772207
772319
772895
773004
773012
773042
773135
773373
773431
773455
773459
773492
773538
773618
773789
773893
773932
774068
774084
774327
774379
774456
774465
774522
774702
774787
774840
774857
774970
775001
775055
775251
775358
775607
775946
775957
775973
776076
776097
776187
776406
776420
776563
776735
777106
777254
777266
777345
777385
777568
777657
777712
777757
777768
777770
777923
777984
778045
778076
778186
778266
778336
778347
778550
778653
778914
779085
779104
779181
779300
779302
779304
779407
779777
779861
779938
780347
780418
780513
780552
780603
780607
780911
781105
781157
781473
781868
781936
781990
782137
782188
782194
782231
782291
782332
782344
782670
782721
782916
783028
783054
783133
783320
783359
783363
783387
783679
783695
783731
783798
783871
783872
783873
783959
783985
784073
784538
784578
784610
784630
784721
784836
784858
784967
785024
785190
785251
785401
785714
785721
785781
785803
786062
786105
786287
786315
786643
786795
786971
787385
787420
787537
787746
787979
788124
788271
788275
788352
788416
788587
788616
788850
788988
789551
789559
789671
789949
790029
790140
790185
790218
790221
790466
790588
790728
790776
790876
790974
791079
791218
791237
791247
791266
791327
791388
791525
791560
791614
791990
792090
792109
792143
792232
792261
792262
792279
792301
792594
792609
792745
792834
792840
792990
793049
793059
793091
793133
793135
793169
793567
793579
793583
793669
793726
793890
793893
793917
794024
794197
794219
794244
794259
794261
794292
794294
794415
794432
794734
794749
794757
794905
794975
795335
795337
795344
795608
795706
795737
795772
795840
795843
795878
796011
796065
796292
796389
796439
796483
796501
796525
796531
796572
796575
796579
796697
796706
796814
796851
796865
796898
796937
797003
797205
797291
797421
797474
797714
797721
797801
797942
798135
798137
798162
798776
798806
798817
798887
799083
799169
799296
799401
799412
799505
799533
799553
799680
799688
799934
799940
799941
799943
799964
800033
800050
800219
800262
800435
800491
800679
800687
800757
800805
800980
801051
801086
801182
801193
801240
801278
801329
801499
801648
801657
801786
801809
801822
802134
802293
802342
802600
802952
803064
803083
803137
803207
803378
803702
803727
803915
804045
804088
804114
804226
804409
804428
804524
804556
804598
804606
804748
804821
804933
805017
805226
805283
805457
805480
805589
805631
805804
805944
806213
806223
806229
806387
806418
806426
806501
806569
806797
806811
806813
806853
806953
807324
807370
807450
807581
807748
807826
807835
807862
807987
808022
808134
808176
808308
808354
808386
808512
808513
808533
808623
808769
808778
808928
808941
809219
809509
809565
809580
809668
809709
809739
809833
810065
810209
810257
810295
810323
810341
810364
810404
810417
810418
810516
810580
810602
810707
810723
810758
810815
810831
811028
811151
811266
811579
811610
811616
811860
811908
812019
812056
812085
812204
812367
812436
812502
812551
812577
812588
812644
812963
812973
813013
813271
813286
813357
813754
813756
813759
813966
813966
813979
814040
814219
814240
814276
814562
814567
814642
814774
814794
814856
814877
814989
815166
815367
815424
815529
815610
815665
815706
816461
816472
816526
816636
816799
817044
817076
817248
817253
817392
817402
817554
817616
817709
817997
818023
818083
818153
818156
818315
818416
818431
818675
818856
819034
819043
819150
819158
819248
819313
819336
819413
819419
819487
819552
819569
819790
819821
819848
820085
820133
820141
820150
820371
820373
820489
820492
820615
820661
820719
820849
820950
821039
821123
821124
821265
821291
821501
821974
822013
822062
822110
822484
822547
822587
822664
822761
822841
822963
823024
823090
823124
823164
823164
823432
823503
823601
823697
823817
824017
824024
824029
824157
824366
824511
824520
824532
824600
824712
824917
824926
825021
825058
825075
825145
825162
825199
825238
825278
825421
825618
825627
825665
825853
826066
826225
826305
826415
826526
826683
826720
826847
826885
826920
827177
827199
827213
827453
827491
827491
827553
827635
827735
827935
827968
827985
828015
828134
828145
828231
828243
828403
828647
828805
828861
828863
828928
828934
828939
829064
829444
829484
829497
829533
829547
829649
829660
829749
829841
829874
829968
830033
830211
830317
830537
830559
830639
830811
830934
831128
831290
831388
831557
831565
831938
832047
832088
832166
832194
832258
832272
832299
832309
832370
832451
832599
832768
832772
832822
832879
832915
833003
833025
833169
833502
833555
833627
833863
833889
833985
834053
834182
834390
834489
834526
834572
834620
834840
834890
835083
835219
835488
835690
836121
836312
836347
836576
836584
836871
837020
837035
837107
837110
837112
837128
837424
837525
837567
837790
837825
837978
837987
838122
838213
838517
838662
838668
838706
838843
838889
838892
838913
839081
839227
839231
839244
839259
839370
839385
839588
839676
839852
839869
839919
840042
840210
840294
840341
840395
840566
840637
840656
840740
840860
840931
841095
841133
841205
841238
841394
841545
841549
841587
841663
841732
841838
841883
841972
842082
842154
842319
842438
842557
842705
842733
842856
842919
842925
843144
843179
843400
843527
843580
843667
843869
844005
844154
844175
844660
844775
844787
844897
845075
845109
845293
845322
845399
845416
845429
845449
845450
845451
845731
845785
845839
845880
846043
846254
846382
846523
846679
846784
846865
846875
846957
847080
847136
847407
847408
847445
847505
847536
847631
847699
847939
848199
848212
848216
848281
848335
848573
848651
848671
848719
848786
848910
849634
849727
849800
849865
849872
849876
850022
850108
850124
850160
850219
850253
850693
850729
850878
850916
850963
850969
850973
851040
851047
851118
851165
851183
851209
851299
851407
851431
851501
851819
851902
852013
852093
852353
852395
852786
852874
852927
853015
853212
853230
853354
853358
853481
853517
853635
853711
853795
853809
853915
853946
854053
854096
854127
854150
854157
854167
854177
854200
854581
854788
854883
854970
855023
855275
855340
855389
855395
855464
855510
855621
855638
855674
855795
855836
855855
855919
855964
856151
856439
856454
856454
856639
856767
856870
857114
857146
857208
857363
857397
857422
857478
857499
857532
857583
857878
858131
858534
858691
858777
858999
859122
859175
859190
859218
859297
859371
859412
859539
859646
859766
859798
859901
860114
860155
860274
860408
860474
860589
860595
860633
860814
860888
860917
861048
861094
861152
861187
861200
861328
861459
861483
861582
861641
861661
861729
861757
861858
861972
862171
862452
862540
862562
862659
862863
862876
863108
863342
863443
863575
863599
863823
863850
863901
863933
864069
864191
864241
864266
864496
864603
864613
864649
864727
864736
864812
864915
864955
865021
865033
865288
865313
865417
865427
865607
865808
865950
866075
866116
866295
866419
866518
866622
866720
866824
867118
867203
867240
867284
867393
867461
867585
867592
867654
867758
867789
867947
867962
868006
868012
868075
868222
868263
868347
868377
868524
868805
868929
869017
869024
869105
869218
869319
869443
869610
869652
869684
869838
869860
869868
869940
869942
870005
870008
870033
870162
870295
870331
870496
870524
870547
870742
870791
870904
871008
871089
871137
871160
871292
871548
871571
871655
871793
871829
871857
872055
872112
872469
872479
872495
872543
872591
872631
872699
872741
872889
873190
873378
873423
873459
873475
873583
873996
874076
874120
874238
874366
874499
874527
874560
874587
874618
874717
874859
874942
874985
875131
875136
875229
875297
875480
875503
875511
875605
875616
875707
875897
876277
876431
876473
876491
876558
876572
876964
876991
877321
877357
877416
877417
877609
877633
877791
877791
877895
877928
878023
878053
878152
878197
878209
878399
878630
878776
878818
878929
878991
879010
879101
879404
879408
879490
879563
879659
879666
879719
879765
880268
880392
880399
880482
880587
880606
880716
880739
880764
880816
880835
880846
880928
881049
881087
881211
881227
881401
881436
881464
881585
882441
882489
882517
882538
882595
882720
882872
882903
883016
883051
883417
883513
883907
884031
884054
884073
884075
884097
884232
884290
884379
884381
884402
884656
884686
884793
884851
884881
885006
885152
885176
885181
885195
885261
885482
885723
885779
885895
886064
886222
886259
886296
886344
886373
886507
886731
886771
887108
887120
887383
887403
887488
887636
887638
887871
887995
888034
888047
888438
888458
888496
888506
888612
888615
888797
888803
888929
889104
889246
889295
889295
889412
889424
889438
889513
889516
889520
889597
889659
889685
889717
889775
889777
889892
889957
889958
890094
890160
890738
890848
890874
890886
890902
890966
891046
891082
891439
891450
891581
891617
891715
891745
891747
891793
891847
891891
891919
892020
892245
892290
892520
892585
892922
892982
893001
893081
893364
893364
893557
893612
893613
893647
893661
893712
893856
893934
894007
894091
894334
894388
894885
894922
894972
894989
895038
895081
895139
895151
895193
895429
895604
895608
895719
895783
895869
896009
896220
896501
896834
896891
897028
897077
897163
897355
897563
897644
897806
898110
898257
898325
898387
898487
898502
898514
898567
898621
898813
898852
898857
898861
898903
899077
899097
899100
899130
899151
899158
899339
899439
899472
899509
899838
899908
900037
900082
900175
900415
900437
900511
900546
900597
900661
900670
900703
900724
900737
900753
900804
900941
901251
901306
901393
901444
901543
901545
901720
901783
901842
901986
902205
902230
902240
902501
902503
902569
902744
902971
902977
903008
903032
903071
903110
903151
903486
903603
903653
903725
903868
903901
904033
904052
904107
904209
904491
904549
904656
904745
904770
904948
904969
905027
905129
905341
905353
905361
905382
905475
905494
905516
905678
905919
906287
906313
906383
906628
906634
906884
907047
907084
907127
907152
907207
907412
907560
907698
907900
907920
907955
908017
908414
908503
908574
908589
908665
908748
908860
909078
909127
909258
909503
909731
909906
910030
910112
910117
910156
910218
910256
910260
910296
910312
910362
910434
910470
910605
910655
910756
910829
910875
910912
910962
911132
911140
911179
911235
911296
911396
911527
911675
911865
911869
912049
912159
912247
912267
912333
912373
912438
912488
912597
912911
913052
913112
913138
913284
913632
913963
913975
914004
914016
914061
914100
914329
914445
914462
914544
914544
914632
914670
914783
914806
914823
914907
915123
915394
915396
915439
915771
915879
915886
916010
916065
916162
916293
916419
916483
916525
916854
916955
917118
917257
917269
917275
917313
917549
917743
917746
917765
917857
917886
917892
918015
918185
918284
918398
918561
918614
918756
918984
919170
919285
919431
919450
919450
919531
919577
919811
919862
919873
919875
920067
920176
920365
920410
920477
920623
920628
920674
920927
921089
921120
921138
921146
921153
921226
921229
921459
921685
921761
921774
921801
922061
922156
922431
922532
922554
922705
922751
922808
922857
923014
923066
923191
923233
923332
923503
923567
923781
923781
923879
924515
924515
924550
924560
924686
924884
925150
925218
925541
925664
925746
925755
925790
926119
926137
926184
926397
926483
926612
926736
926791
926964
926978
927135
927144
927224
927274
927447
927537
927591
927616
927723
927967
928067
928109
928129
928138
928195
928235
928381
928566
928807
928869
928992
929012
929078
929228
929267
929299
929394
929421
929464
929584
929593
929712
930070
930417
930558
930640
931091
931139
931190
931268
931314
931375
931478
932091
932141
932168
932286
932509
933202
933243
933311
933387
933419
933440
933454
933551
933562
933636
933754
933853
934195
934340
934676
934945
934978
934989
935014
935153
935238
935246
935358
935362
935858
936098
936125
936208
936675
936716
936798
936910
937177
937282
937315
937371
937446
937573
937702
937747
937762
938145
938250
938317
938554
938575
938585
938643
938650
938714
938756
938981
939243
939263
939563
939614
939723
939844
939968
939997
940002
940240
940254
940333
940441
940462
940470
940527
940569
940632
940678
941026
941135
941273
941352
941363
941412
941692
941832
941891
942094
942180
942217
942219
942425
942470
942622
942752
942757
942893
942968
943164
943173
943241
943301
943404
943571
943624
943658
943679
943702
943788
943819
943895
943903
944127
944155
944356
944376
944392
944422
944520
944597
944821
944961
945048
945068
945148
945281
945418
945455
945460
945596
945623
945753
945974
946057
946086
946144
946169
946231
946232
946306
946345
946486
946522
946662
946732
946777
946884
947070
947080
947150
947295
947322
947329
947348
948121
948133
948163
948187
948195
948269
948438
948478
948507
948613
948864
948905
948910
949173
949206
949621
949654
949663
949715
949754
949754
949891
949928
949929
950248
950412
950569
950624
950683
950710
950844
951034
951252
951357
951661
952004
952033
952090
952157
952188
952188
952260
952288
952295
952369
952406
952487
952516
952733
952959
953044
953063
953064
953178
953328
953371
953643
953671
953687
953748
953748
953749
953776
953944
954023
954200
954229
954366
954554
954646
954693
954865
954926
955009
955200
955315
955318
955360
955423
955679
955828
955999
956029
956036
956106
956168
956292
956448
956484
956517
956599
956667
956838
956872
956885
956961
956993
957151
957247
957311
957316
957336
957390
957430
957463
957659
957824
958012
958028
958058
958060
958111
958251
958328
958413
958492
958553
958792
958796
958844
958874
959044
959379
959603
959685
959723
959745
959818
959832
959848
959889
959963
960020
960064
960190
960328
960597
960656
960836
960873
961227
961237
961258
961292
961461
961517
961654
962122
962173
962412
962425
962537
962615
962784
962869
962966
963100
963102
963154
963167
963216
963220
963249
963393
963456
963563
963620
963664
963926
963973
964097
964556
964557
964771
964834
964891
964940
965063
965113
965134
965243
965253
965259
965312
965420
965621
965657
966035
966166
966194
966252
966420
966429
966483
966607
966612
966639
966701
966962
966968
966983
967003
967069
967103
967402
967617
967670
967837
967959
968247
968395
968418
968501
968560
968708
968971
968975
969045
969063
969133
969562
969710
969900
969955
969973
970113
970600
970738
970763
970814
970880
971123
971135
971140
971330
971453
971506
971724
971771
971847
971946
972091
972220
972377
972434
972595
972615
972735
972981
972991
972993
973201
973244
973384
973414
973471
973490
973563
973585
973592
973661
973671
973836
973873
973934
973938
974061
974235
974279
974390
974515
974534
974549
974779
974786
974828
975015
975129
975158
975225
975319
975402
975416
975513
975720
975825
975851
975892
975955
976029
976075
976197
976478
976536
976599
976720
976777
976799
976801
976922
977295
977309
977394
977656
977673
977764
977873
977905
977992
977995
978010
978216
978220
978240
978251
978281
978542
978582
978813
979010
979034
979127
979171
979183
979197
979281
979358
979514
979546
979728
979805
980039
980045
980108
980266
980284
980384
980450
980557
980675
980816
980819
980854
980881
980939
981190
981192
981217
981285
981408
981427
981703
981798
981921
981931
982380
982397
982638
982668
982748
982795
982796
982894
982923
983028
983133
983159
983255
983417
983471
983733
983985
984027
984195
984205
984207
984398
984467
984470
984509
984664
984675
984709
984792
984926
984958
985003
985013
985279
985298
985354
985474
985597
985600
985614
985650
985652
985666
985788
986288
986319
986373
986481
986685
986789
986814
986990
987030
987089
987253
987270
987346
987524
987626
987784
987844
987922
988139
988141
988178
988341
988454
988594
988659
988667
988723
988780
989020
989126
989258
989447
989489
989596
989860
990215
990356
990381
990407
990701
990792
990840
990845
991120
991454
991545
991662
991962
992187
992212
992271
992331
992506
992588
992647
992679
992734
992742
993014
993047
993226
993431
993734
993761
993879
993904
994091
994177
994198
994239
994272
994387
994537
994547
994654
994767
994835
994948
994951
995009
995056
995077
995093
995177
995194
995223
995239
995250
995511
995695
995731
995755
995776
995955
996045
996105
996119
996176
996362
996391
996396
996411
996672
996761
996775
997036
997191
997193
997385
997439
997495
997698
997917
997925
998045
998093
998109
998325
998393
998401
998528
998588
998877
999188
999452
999460
999508
999582
999629
999737
999781
